examples/test.rainbow.txt
# %ECSV 0.9
# ---
# datatype:
# - {name: wavelength, unit: micron, datatype: float64}
# - {name: time, unit: d, datatype: float64}
# - {name: flux, datatype: float64}
# - {name: uncertainty, datatype: float64}
# - {name: model, datatype: float64}
# meta: {R: 20, signal_to_noise: 100, wscale: log}
# schema: astropy-2.0
wavelength time flux uncertainty model
[from data line 482]
1.1127704642462346 -0.09027777777777779 0.988815441184021 0.01 1.0
1.1127704642462346 -0.08333333333333334 0.9901716334547952 0.01 1.0
1.1127704642462346 -0.07638888888888891 1.0071338170853688 0.01 1.0
1.1127704642462346 -0.06944444444444448 0.9972017901064149 0.01 1.0
1.1127704642462346 -0.06250000000000003 0.9977163860564385 0.01 1.0
1.1127704642462346 -0.055555555555555594 1.0032453706958477 0.01 1.0
1.1127704642462346 -0.04861111111111116 0.9984204063255725 0.01 1.0
1.1127704642462346 -0.04166666666666672 0.9836838003865085 0.01 1.0
1.1127704642462346 -0.03472222222222228 0.9953420541027096 0.01 1.0
1.1127704642462346 -0.027777777777777846 0.9928573421048779 0.01 1.0
1.1127704642462346 -0.020833333333333405 0.9942355116864705 0.01 1.0
1.1127704642462346 -0.013888888888888968 1.011422542498432 0.01 1.0
1.1127704642462346 -0.006944444444444531 0.9900146887028365 0.01 1.0
1.1127704642462346 -9.25185853854297e-17 0.9762889488888377 0.01 1.0
1.1127704642462346 0.006944444444444345 0.9856093300205412 0.01 1.0
1.1127704642462346 0.013888888888888784 0.9976866061633952 0.01 1.0
1.1127704642462346 0.02083333333333322 1.0024371124421867 0.01 1.0
1.1127704642462346 0.02777777777777766 0.9937050024720737 0.01 1.0
1.1127704642462346 0.0347222222222221 1.0007247162683206 0.01 1.0
1.1127704642462346 0.04166666666666653 1.0079551863695564 0.01 1.0
1.1127704642462346 0.04861111111111097 0.9716154463797961 0.01 1.0
1.1127704642462346 0.055555555555555414 0.9764998257525477 0.01 1.0
1.1127704642462346 0.06249999999999985 0.9944649751066322 0.01 1.0
1.1127704642462346 0.06944444444444427 1.0097906993152301 0.01 1.0
1.1127704642462346 0.07638888888888873 0.9985432988183633 0.01 1.0
1.1127704642462346 0.08333333333333318 0.9982479447500805 0.01 1.0
1.1127704642462346 0.0902777777777776 1.0116436285362345 0.01 1.0
1.1127704642462346 0.09722222222222202 1.0127758784727219 0.01 1.0
1.1698234259629965 -0.10416666666666666 1.0056345367834314 0.01 1.0
1.1698234259629965 -0.09722222222222222 0.9917244792225496 0.01 1.0
1.1698234259629965 -0.09027777777777779 0.9948522084534546 0.01 1.0
1.1698234259629965 -0.08333333333333334 0.9905439943957781 0.01 1.0
1.1698234259629965 -0.07638888888888891 0.9991396619576698 0.01 1.0
1.1698234259629965 -0.06944444444444448 0.9878363941494224 0.01 1.0
1.1698234259629965 -0.06250000000000003 0.9940745621993436 0.01 1.0
1.1698234259629965 -0.055555555555555594 0.9980623701804243 0.01 1.0
1.1698234259629965 -0.04861111111111116 1.0084543581546277 0.01 1.0
1.1698234259629965 -0.04166666666666672 0.9885068589936767 0.01 1.0
1.1698234259629965 -0.03472222222222228 0.9978090409530417 0.01 1.0
1.1698234259629965 -0.027777777777777846 0.9986748351867256 0.01 1.0
1.1698234259629965 -0.020833333333333405 0.9810898978537371 0.01 1.0
1.1698234259629965 -0.013888888888888968 1.0037632745060225 0.01 1.0
1.1698234259629965 -0.006944444444444531 1.0101527638468122 0.01 1.0
1.1698234259629965 -9.25185853854297e-17 0.9970863646306883 0.01 1.0
1.1698234259629965 0.006944444444444345 0.9906447897576492 0.01 1.0
1.1698234259629965 0.013888888888888784 0.981370425944011 0.01 1.0
1.1698234259629965 0.02083333333333322 0.9896963374844673 0.01 1.0
1.1698234259629965 0.02777777777777766 1.002830107804915 0.01 1.0
1.1698234259629965 0.0347222222222221 0.9927860498418013 0.01 1.0
1.1698234259629965 0.04166666666666653 0.9845968289183731 0.01 1.0
1.1698234259629965 0.04861111111111097 1.008495432309261 0.01 1.0
1.1698234259629965 0.055555555555555414 1.0086627123585148 0.01 1.0
1.1698234259629965 0.06249999999999985 0.988972506034623 0.01 1.0
1.1698234259629965 0.06944444444444427 0.9880711739221798 0.01 1.0
1.1698234259629965 0.07638888888888873 0.9898931952558894 0.01 1.0
1.1698234259629965 0.08333333333333318 1.0061723412940697 0.01 1.0
1.1698234259629965 0.0902777777777776 1.0005784951492842 0.01 1.0
1.1698234259629965 0.09722222222222202 1.0051175613668974 0.01 1.0
1.2298015555784758 -0.10416666666666666 1.0018146723338408 0.01 1.0
1.2298015555784758 -0.09722222222222222 1.0206603007367452 0.01 1.0
1.2298015555784758 -0.09027777777777779 0.9883088214594531 0.01 1.0
1.2298015555784758 -0.08333333333333334 0.9929744719433744 0.01 1.0
1.2298015555784758 -0.07638888888888891 0.9865837443585832 0.01 1.0
1.2298015555784758 -0.06944444444444448 0.984069087223862 0.01 1.0
1.2298015555784758 -0.06250000000000003 0.9928062944638087 0.01 1.0
1.2298015555784758 -0.055555555555555594 0.9903874959207144 0.01 1.0
1.2298015555784758 -0.04861111111111116 0.9945845843870551 0.01 1.0
1.2298015555784758 -0.04166666666666672 1.0058496841318787 0.01 1.0
1.2298015555784758 -0.03472222222222228 0.9991468903952229 0.01 1.0
1.2298015555784758 -0.027777777777777846 0.9934138678879925 0.01 1.0
1.2298015555784758 -0.020833333333333405 1.0018395337824044 0.01 1.0
1.2298015555784758 -0.013888888888888968 1.0160594517229156 0.01 1.0
1.2298015555784758 -0.006944444444444531 1.015468103123906 0.01 1.0
1.2298015555784758 -9.25185853854297e-17 1.0017046618241647 0.01 1.0
1.2298015555784758 0.006944444444444345 1.0088492172921324 0.01 1.0
1.2298015555784758 0.013888888888888784 1.0081426503781428 0.01 1.0
1.2298015555784758 0.02083333333333322 0.9985423270902548 0.01 1.0
1.2298015555784758 0.02777777777777766 0.9842705403636591 0.01 1.0
1.2298015555784758 0.0347222222222221 1.0038606918655746 0.01 1.0
1.2298015555784758 0.04166666666666653 0.9897547139391523 0.01 1.0
1.2298015555784758 0.04861111111111097 1.0072853244910496 0.01 1.0
1.2298015555784758 0.055555555555555414 1.0062233676566925 0.01 1.0
1.2298015555784758 0.06249999999999985 0.9971424575799 0.01 1.0
1.2298015555784758 0.06944444444444427 1.0124571216210554 0.01 1.0
1.2298015555784758 0.07638888888888873 1.019449377950097 0.01 1.0
1.2298015555784758 0.08333333333333318 1.0055027125611824 0.01 1.0
1.2298015555784758 0.0902777777777776 1.0087819880138373 0.01 1.0
1.2298015555784758 0.09722222222222202 0.9847823011958696 0.01 1.0
1.2928548296579243 -0.10416666666666666 0.9845524508507333 0.01 1.0
1.2928548296579243 -0.09722222222222222 1.0049954034935342 0.01 1.0
1.2928548296579243 -0.09027777777777779 0.9945285588743041 0.01 1.0
1.2928548296579243 -0.08333333333333334 0.9951424562396632 0.01 1.0
1.2928548296579243 -0.07638888888888891 1.00791229942783 0.01 1.0
1.2928548296579243 -0.06944444444444448 1.0024421827839316 0.01 1.0
1.2928548296579243 -0.06250000000000003 1.0200285897197512 0.01 1.0
1.2928548296579243 -0.055555555555555594 0.9880467871886881 0.01 1.0
1.2928548296579243 -0.04861111111111116 0.994911559286629 0.01 1.0
1.2928548296579243 -0.04166666666666672 0.999844939073684 0.01 1.0
1.2928548296579243 -0.03472222222222228 1.002350782847546 0.01 1.0
1.2928548296579243 -0.027777777777777846 0.993250880792087 0.01 1.0
1.2928548296579243 -0.020833333333333405 1.0162808737935638 0.01 1.0
1.2928548296579243 -0.013888888888888968 0.9905441058569922 0.01 1.0
1.2928548296579243 -0.006944444444444531 0.9806740500679387 0.01 1.0
1.2928548296579243 -9.25185853854297e-17 1.0073421348610434 0.01 1.0
1.2928548296579243 0.006944444444444345 1.0062324415693382 0.01 1.0
1.2928548296579243 0.013888888888888784 0.9970113325952644 0.01 1.0
1.2928548296579243 0.02083333333333322 0.9969069914836685 0.01 1.0
1.2928548296579243 0.02777777777777766 0.991826927498967 0.01 1.0
1.2928548296579243 0.0347222222222221 0.9907915127615529 0.01 1.0
1.2928548296579243 0.04166666666666653 1.0039770826732903 0.01 1.0
1.2928548296579243 0.04861111111111097 1.00163855545247 0.01 1.0
1.2928548296579243 0.055555555555555414 0.9849354540651547 0.01 1.0
1.2928548296579243 0.06249999999999985 0.9992156071783612 0.01 1.0
1.2928548296579243 0.06944444444444427 0.9929172935855375 0.01 1.0
1.2928548296579243 0.07638888888888873 1.0065040879400562 0.01 1.0
1.2928548296579243 0.08333333333333318 0.9950456160120333 0.01 1.0
1.2928548296579243 0.0902777777777776 1.0141045519599177 0.01 1.0
1.2928548296579243 0.09722222222222202 1.0030223305293982 0.01 1.0
1.3591409142295239 -0.10416666666666666 0.9993792724608495 0.01 1.0
1.3591409142295239 -0.09722222222222222 1.0075511837362052 0.01 1.0
1.3591409142295239 -0.09027777777777779 0.9845159001500582 0.01 1.0
1.3591409142295239 -0.08333333333333334 1.0095300604244117 0.01 1.0
1.3591409142295239 -0.07638888888888891 0.9990736702771582 0.01 1.0
1.3591409142295239 -0.06944444444444448 1.005129738816692 0.01 1.0
1.3591409142295239 -0.06250000000000003 0.9952411209195164 0.01 1.0
1.3591409142295239 -0.055555555555555594 1.0114597696475147 0.01 1.0
1.3591409142295239 -0.04861111111111116 0.9964699879376615 0.01 1.0
1.3591409142295239 -0.04166666666666672 1.0072581989495053 0.01 1.0
1.3591409142295239 -0.03472222222222228 0.9982861663390592 0.01 1.0
1.3591409142295239 -0.027777777777777846 0.9950586693490756 0.01 1.0
1.3591409142295239 -0.020833333333333405 1.0069069742156291 0.01 1.0
1.3591409142295239 -0.013888888888888968 0.9945234165984373 0.01 1.0
1.3591409142295239 -0.006944444444444531 0.997108249404318 0.01 1.0
1.3591409142295239 -9.25185853854297e-17 1.0127557101556264 0.01 1.0
1.3591409142295239 0.006944444444444345 1.0010542246250351 0.01 1.0
1.3591409142295239 0.013888888888888784 0.9975532068929686 0.01 1.0
1.3591409142295239 0.02083333333333322 0.9792069340586763 0.01 1.0
1.3591409142295239 0.02777777777777766 0.9896523118485929 0.01 1.0
1.3591409142295239 0.0347222222222221 0.9840291274417698 0.01 1.0
1.3591409142295239 0.04166666666666653 0.9942559033904764 0.01 1.0
1.3591409142295239 0.04861111111111097 0.9938327775593193 0.01 1.0
1.3591409142295239 0.055555555555555414 0.9897621049676201 0.01 1.0
1.3591409142295239 0.06249999999999985 1.0073238474592536 0.01 1.0
1.3591409142295239 0.06944444444444427 1.0056003088951924 0.01 1.0
1.3591409142295239 0.07638888888888873 0.9940459730962045 0.01 1.0
1.3591409142295239 0.08333333333333318 1.0009722842137185 0.01 1.0
1.3591409142295239 0.0902777777777776 0.9915132145928566 0.01 1.0
1.3591409142295239 0.09722222222222202 0.9918749330659095 0.01 1.0
1.4288255590315833 -0.10416666666666666 0.9891699161693833 0.01 1.0
1.4288255590315833 -0.09722222222222222 1.0077784642044632 0.01 1.0
1.4288255590315833 -0.09027777777777779 0.9980086188659446 0.01 1.0
1.4288255590315833 -0.08333333333333334 1.0167350082478015 0.01 1.0
1.4288255590315833 -0.07638888888888891 0.9988588472618349 0.01 1.0
1.4288255590315833 -0.06944444444444448 0.9993335750139547 0.01 1.0
1.4288255590315833 -0.06250000000000003 1.0029763494412982 0.01 1.0
1.4288255590315833 -0.055555555555555594 1.0078366888582275 0.01 1.0
1.4288255590315833 -0.04861111111111116 1.001571177150929 0.01 1.0
1.4288255590315833 -0.04166666666666672 0.9999584904993598 0.01 1.0
1.4288255590315833 -0.03472222222222228 1.0139338843516121 0.01 1.0
1.4288255590315833 -0.027777777777777846 0.9939587130753489 0.01 1.0
1.4288255590315833 -0.020833333333333405 1.0028584213991434 0.01 1.0
1.4288255590315833 -0.013888888888888968 0.9895237045070384 0.01 1.0
1.4288255590315833 -0.006944444444444531 0.9867621279481273 0.01 1.0
1.4288255590315833 -9.25185853854297e-17 1.0144719292002178 0.01 1.0
1.4288255590315833 0.006944444444444345 0.9943682874785874 0.01 1.0
1.4288255590315833 0.013888888888888784 1.0077071766255512 0.01 1.0
1.4288255590315833 0.02083333333333322 1.0181819961473921 0.01 1.0
1.4288255590315833 0.02777777777777766 0.9989752419647152 0.01 1.0
1.4288255590315833 0.0347222222222221 1.020813094513661 0.01 1.0
1.4288255590315833 0.04166666666666653 1.0021876937010459 0.01 1.0
1.4288255590315833 0.04861111111111097 0.9972275026868611 0.01 1.0
1.4288255590315833 0.055555555555555414 0.9976674019537196 0.01 1.0
1.4288255590315833 0.06249999999999985 1.0054372219886742 0.01 1.0
1.4288255590315833 0.06944444444444427 0.9942315487695192 0.01 1.0
1.4288255590315833 0.07638888888888873 0.9939316492307521 0.01 1.0
1.4288255590315833 0.08333333333333318 0.9907502122972697 0.01 1.0
1.4288255590315833 0.0902777777777776 0.9876068481212507 0.01 1.0
1.4288255590315833 0.09722222222222202 0.9909729237434236 0.01 1.0
1.502083011973218 -0.10416666666666666 1.006618706299574 0.01 1.0
1.502083011973218 -0.09722222222222222 0.9926691718330577 0.01 1.0
1.502083011973218 -0.09027777777777779 0.9861241619339252 0.01 1.0
1.502083011973218 -0.08333333333333334 1.0026089580902304 0.01 1.0
1.502083011973218 -0.07638888888888891 0.9960392930411118 0.01 1.0
1.502083011973218 -0.06944444444444448 1.0088577742793774 0.01 1.0
1.502083011973218 -0.06250000000000003 0.9901395563296496 0.01 1.0
1.502083011973218 -0.055555555555555594 1.007691686285467 0.01 1.0
1.502083011973218 -0.04861111111111116 0.9901935436194178 0.01 1.0
1.502083011973218 -0.04166666666666672 0.9980899946815839 0.01 1.0
1.502083011973218 -0.03472222222222228 0.9943148220143562 0.01 1.0
1.502083011973218 -0.027777777777777846 0.992199333545585 0.01 1.0
1.502083011973218 -0.020833333333333405 0.999625121140355 0.01 1.0
1.502083011973218 -0.013888888888888968 0.9993768313078972 0.01 1.0
1.502083011973218 -0.006944444444444531 0.9978579074773885 0.01 1.0
1.502083011973218 -9.25185853854297e-17 0.9776569619373566 0.01 1.0
1.502083011973218 0.006944444444444345 1.0069212983425067 0.01 1.0
1.502083011973218 0.013888888888888784 0.9912327005583739 0.01 1.0
1.502083011973218 0.02083333333333322 1.0083169360327824 0.01 1.0
1.502083011973218 0.02777777777777766 1.0003046468757673 0.01 1.0
1.502083011973218 0.0347222222222221 0.9774691960389793 0.01 1.0
1.502083011973218 0.04166666666666653 0.9926633340261475 0.01 1.0
1.502083011973218 0.04861111111111097 1.0059482649552547 0.01 1.0
1.502083011973218 0.055555555555555414 0.9956014723159856 0.01 1.0
1.502083011973218 0.06249999999999985 1.0069458756985004 0.01 1.0
1.502083011973218 0.06944444444444427 0.9968147868577831 0.01 1.0
1.502083011973218 0.07638888888888873 1.0009652497577415 0.01 1.0
1.502083011973218 0.08333333333333318 0.9921811195159812 0.01 1.0
1.502083011973218 0.0902777777777776 0.9907402406067246 0.01 1.0
1.502083011973218 0.09722222222222202 1.0277724037663651 0.01 1.0
1.5790964548448854 -0.10416666666666666 0.9977469687054297 0.01 1.0
1.5790964548448854 -0.09722222222222222 1.0041308566975478 0.01 1.0
1.5790964548448854 -0.09027777777777779 0.9985508046743099 0.01 1.0
1.5790964548448854 -0.08333333333333334 1.0026314797188418 0.01 1.0
1.5790964548448854 -0.07638888888888891 1.0203623632824 0.01 1.0
1.5790964548448854 -0.06944444444444448 1.004548317854206 0.01 1.0
1.5790964548448854 -0.06250000000000003 0.9998898348791009 0.01 1.0
1.5790964548448854 -0.055555555555555594 1.0033773042070477 0.01 1.0
1.5790964548448854 -0.04861111111111116 0.9968489790810994 0.01 1.0
1.5790964548448854 -0.04166666666666672 0.9920383460170461 0.01 1.0
1.5790964548448854 -0.03472222222222228 0.996344789228039 0.01 1.0
1.5790964548448854 -0.027777777777777846 1.0080043954551623 0.01 1.0
1.5790964548448854 -0.020833333333333405 0.9984237592913598 0.01 1.0
1.5790964548448854 -0.013888888888888968 0.9991571274057678 0.01 1.0
1.5790964548448854 -0.006944444444444531 1.021792276725945 0.01 1.0
1.5790964548448854 -9.25185853854297e-17 0.9935585812292664 0.01 1.0
1.5790964548448854 0.006944444444444345 0.9857845429581695 0.01 1.0
1.5790964548448854 0.013888888888888784 1.0036817088515677 0.01 1.0
1.5790964548448854 0.02083333333333322 1.0047596500396316 0.01 1.0
1.5790964548448854 0.02777777777777766 0.9975652678318668 0.01 1.0
1.5790964548448854 0.0347222222222221 1.0122015783953817 0.01 1.0
1.5790964548448854 0.04166666666666653 1.0012743978912246 0.01 1.0
1.5790964548448854 0.04861111111111097 0.9915550120364125 0.01 1.0
1.5790964548448854 0.055555555555555414 0.996117316737905 0.01 1.0
1.5790964548448854 0.06249999999999985 0.9948480644991701 0.01 1.0
1.5790964548448854 0.06944444444444427 0.9969440477454171 0.01 1.0
1.5790964548448854 0.07638888888888873 1.0177848112135814 0.01 1.0
1.5790964548448854 0.08333333333333318 0.9879357525888991 0.01 1.0
