examples/test.rainbow.txt
# %ECSV 0.9
# ---
# datatype:
# - {name: wavelength, unit: micron, datatype: float64}
# - {name: time, unit: d, datatype: float64}
# - {name: flux, datatype: float64}
# - {name: uncertainty, datatype: float64}
# - {name: model, datatype: float64}
# meta: {R: 20, signal_to_noise: 100, wscale: log}
# schema: astropy-2.0
wavelength time flux uncertainty model
[from data line 719]
1.5790964548448854 0.09722222222222202 1.0076360764250132 0.01 1.0
1.6600584613682756 -0.10416666666666666 1.0170827473618884 0.01 1.0
1.6600584613682756 -0.09722222222222222 0.9993446626258673 0.01 1.0
1.6600584613682756 -0.09027777777777779 0.9932590938911198 0.01 1.0
1.6600584613682756 -0.08333333333333334 1.0153093233227355 0.01 1.0
1.6600584613682756 -0.07638888888888891 0.9939242385485052 0.01 1.0
1.6600584613682756 -0.06944444444444448 0.995693157754235 0.01 1.0
1.6600584613682756 -0.06250000000000003 1.0094264388890208 0.01 1.0
1.6600584613682756 -0.055555555555555594 0.9936709456335877 0.01 1.0
1.6600584613682756 -0.04861111111111116 0.9984666339208156 0.01 1.0
1.6600584613682756 -0.04166666666666672 1.0122104067565567 0.01 1.0
1.6600584613682756 -0.03472222222222228 0.9964084311823097 0.01 1.0
1.6600584613682756 -0.027777777777777846 0.9923498560106603 0.01 1.0
1.6600584613682756 -0.020833333333333405 0.9803924966291365 0.01 1.0
1.6600584613682756 -0.013888888888888968 1.005806979306794 0.01 1.0
1.6600584613682756 -0.006944444444444531 1.0046768249220055 0.01 1.0
1.6600584613682756 -9.25185853854297e-17 0.9973908963668847 0.01 1.0
1.6600584613682756 0.006944444444444345 1.00299648313667 0.01 1.0
1.6600584613682756 0.013888888888888784 0.9962543493171873 0.01 1.0
1.6600584613682756 0.02083333333333322 0.9880348958139348 0.01 1.0
1.6600584613682756 0.02777777777777766 0.9940920624064161 0.01 1.0
1.6600584613682756 0.0347222222222221 0.9921572653238828 0.01 1.0
1.6600584613682756 0.04166666666666653 0.9816905698102835 0.01 1.0
1.6600584613682756 0.04861111111111097 1.0057635219950603 0.01 1.0
1.6600584613682756 0.055555555555555414 1.0127177052659166 0.01 1.0
1.6600584613682756 0.06249999999999985 1.0131006598396417 0.01 1.0
1.6600584613682756 0.06944444444444427 0.996455488634128 0.01 1.0
1.6600584613682756 0.07638888888888873 0.9917223964640112 0.01 1.0
1.6600584613682756 0.08333333333333318 0.9836304873166782 0.01 1.0
1.6600584613682756 0.0902777777777776 0.9791956930892115 0.01 1.0
1.6600584613682756 0.09722222222222202 1.0064738116335077 0.01 1.0
1.7451714787309227 -0.10416666666666666 1.0062746521003105 0.01 1.0
1.7451714787309227 -0.09722222222222222 0.9952238284157375 0.01 1.0
1.7451714787309227 -0.09027777777777779 0.9997533917710909 0.01 1.0
1.7451714787309227 -0.08333333333333334 1.0066861146877983 0.01 1.0
1.7451714787309227 -0.07638888888888891 1.017416686370922 0.01 1.0
1.7451714787309227 -0.06944444444444448 0.9813948384248661 0.01 1.0
1.7451714787309227 -0.06250000000000003 1.0150036107417337 0.01 1.0
1.7451714787309227 -0.055555555555555594 1.0000521512526253 0.01 1.0
1.7451714787309227 -0.04861111111111116 1.006386969190659 0.01 1.0
1.7451714787309227 -0.04166666666666672 0.996563294386516 0.01 1.0
1.7451714787309227 -0.03472222222222228 1.007850411571459 0.01 1.0
1.7451714787309227 -0.027777777777777846 0.9930119062547363 0.01 1.0
1.7451714787309227 -0.020833333333333405 1.0150604813182258 0.01 1.0
1.7451714787309227 -0.013888888888888968 1.0013584360244159 0.01 1.0
1.7451714787309227 -0.006944444444444531 0.9960777653475503 0.01 1.0
1.7451714787309227 -9.25185853854297e-17 1.0062332591721521 0.01 1.0
1.7451714787309227 0.006944444444444345 0.990767119498574 0.01 1.0
1.7451714787309227 0.013888888888888784 1.0077330690441337 0.01 1.0
1.7451714787309227 0.02083333333333322 0.9718602622792939 0.01 1.0
1.7451714787309227 0.02777777777777766 1.0146579549335106 0.01 1.0
1.7451714787309227 0.0347222222222221 1.0080959596794186 0.01 1.0
1.7451714787309227 0.04166666666666653 0.991570913633568 0.01 1.0
1.7451714787309227 0.04861111111111097 0.9856314786180348 0.01 1.0
1.7451714787309227 0.055555555555555414 0.980188437712493 0.01 1.0
1.7451714787309227 0.06249999999999985 1.0230767743758131 0.01 1.0
1.7451714787309227 0.06944444444444427 0.9892214898203057 0.01 1.0
1.7451714787309227 0.07638888888888873 0.9942660215740362 0.01 1.0
1.7451714787309227 0.08333333333333318 1.0014302652789697 0.01 1.0
1.7451714787309227 0.0902777777777776 1.0057955003715147 0.01 1.0
1.7451714787309227 0.09722222222222202 0.9952541884718513 0.01 1.0
1.8346483338096242 -0.10416666666666666 1.0037375721840693 0.01 1.0
1.8346483338096242 -0.09722222222222222 0.9976171826115756 0.01 1.0
1.8346483338096242 -0.09027777777777779 0.9756456342527391 0.01 1.0
1.8346483338096242 -0.08333333333333334 0.9978230040592126 0.01 1.0
1.8346483338096242 -0.07638888888888891 1.0034832076744435 0.01 1.0
1.8346483338096242 -0.06944444444444448 1.006210258306832 0.01 1.0
1.8346483338096242 -0.06250000000000003 0.9963484094901867 0.01 1.0
1.8346483338096242 -0.055555555555555594 0.995594892610987 0.01 1.0
1.8346483338096242 -0.04861111111111116 1.0010456450747107 0.01 1.0
1.8346483338096242 -0.04166666666666672 1.0080311318083084 0.01 1.0
1.8346483338096242 -0.03472222222222228 0.9874416983503836 0.01 1.0
1.8346483338096242 -0.027777777777777846 1.0106593964219057 0.01 1.0
1.8346483338096242 -0.020833333333333405 1.0012128706497037 0.01 1.0
1.8346483338096242 -0.013888888888888968 0.9918618505022263 0.01 1.0
1.8346483338096242 -0.006944444444444531 1.0033936614075878 0.01 1.0
1.8346483338096242 -9.25185853854297e-17 1.0015495556322203 0.01 1.0
1.8346483338096242 0.006944444444444345 0.9915201190986905 0.01 1.0
1.8346483338096242 0.013888888888888784 1.0045308937300146 0.01 1.0
1.8346483338096242 0.02083333333333322 0.9979194665018268 0.01 1.0
1.8346483338096242 0.02777777777777766 1.0149472767466456 0.01 1.0
1.8346483338096242 0.0347222222222221 0.9876563668345579 0.01 1.0
1.8346483338096242 0.04166666666666653 1.0109053434089872 0.01 1.0
1.8346483338096242 0.04861111111111097 1.000979410639123 0.01 1.0
1.8346483338096242 0.055555555555555414 0.976892121726641 0.01 1.0
1.8346483338096242 0.06249999999999985 0.9969135561714064 0.01 1.0
1.8346483338096242 0.06944444444444427 1.00394480665903 0.01 1.0
1.8346483338096242 0.07638888888888873 0.9790394702995451 0.01 1.0
1.8346483338096242 0.08333333333333318 1.0116016856339998 0.01 1.0
1.8346483338096242 0.0902777777777776 0.9884222980088263 0.01 1.0
1.8346483338096242 0.09722222222222202 0.9895209347166449 0.01 1.0
1.9287127653484895 -0.10416666666666666 0.9831854522503319 0.01 1.0
1.9287127653484895 -0.09722222222222222 0.9947875883395081 0.01 1.0
1.9287127653484895 -0.09027777777777779 1.0101861723769203 0.01 1.0
1.9287127653484895 -0.08333333333333334 0.9824721658133201 0.01 1.0
1.9287127653484895 -0.07638888888888891 0.97974875429182 0.01 1.0
1.9287127653484895 -0.06944444444444448 0.9861358169802179 0.01 1.0
1.9287127653484895 -0.06250000000000003 0.9986898183526927 0.01 1.0
1.9287127653484895 -0.055555555555555594 1.0132312898350109 0.01 1.0
1.9287127653484895 -0.04861111111111116 1.0023428158872698 0.01 1.0
1.9287127653484895 -0.04166666666666672 1.009665621765829 0.01 1.0
1.9287127653484895 -0.03472222222222228 0.9766378448353994 0.01 1.0
1.9287127653484895 -0.027777777777777846 1.0044373873496808 0.01 1.0
1.9287127653484895 -0.020833333333333405 1.003459160421565 0.01 1.0
1.9287127653484895 -0.013888888888888968 0.9851555607745535 0.01 1.0
1.9287127653484895 -0.006944444444444531 0.9934270086266599 0.01 1.0
1.9287127653484895 -9.25185853854297e-17 0.9994770493198475 0.01 1.0
1.9287127653484895 0.006944444444444345 0.9893879866995972 0.01 1.0
1.9287127653484895 0.013888888888888784 1.0125272196557633 0.01 1.0
1.9287127653484895 0.02083333333333322 0.9954100755465299 0.01 1.0
1.9287127653484895 0.02777777777777766 0.9755378700544911 0.01 1.0
1.9287127653484895 0.0347222222222221 1.0048930756937506 0.01 1.0
1.9287127653484895 0.04166666666666653 0.9845084141275743 0.01 1.0
1.9287127653484895 0.04861111111111097 0.9828676010011864 0.01 1.0
1.9287127653484895 0.055555555555555414 0.9962556048667471 0.01 1.0
1.9287127653484895 0.06249999999999985 0.9907416386114495 0.01 1.0
1.9287127653484895 0.06944444444444427 1.0008520670401622 0.01 1.0
1.9287127653484895 0.07638888888888873 1.0152366670949424 0.01 1.0
1.9287127653484895 0.08333333333333318 1.004172153633045 0.01 1.0
1.9287127653484895 0.0902777777777776 1.0074785166894766 0.01 1.0
1.9287127653484895 0.09722222222222202 0.9978884799042462 0.01 1.0
2.02759998342234 -0.10416666666666666 0.9920500371833877 0.01 1.0
2.02759998342234 -0.09722222222222222 0.9892065716205084 0.01 1.0
2.02759998342234 -0.09027777777777779 1.0045302444430513 0.01 1.0
2.02759998342234 -0.08333333333333334 0.9964204966656068 0.01 1.0
2.02759998342234 -0.07638888888888891 1.0117848586271248 0.01 1.0
2.02759998342234 -0.06944444444444448 1.011860794810561 0.01 1.0
2.02759998342234 -0.06250000000000003 0.9979602823789696 0.01 1.0
2.02759998342234 -0.055555555555555594 1.005505725861046 0.01 1.0
2.02759998342234 -0.04861111111111116 0.9847224468976219 0.01 1.0
2.02759998342234 -0.04166666666666672 1.0152542735055046 0.01 1.0
2.02759998342234 -0.03472222222222228 0.9826975524774783 0.01 1.0
2.02759998342234 -0.027777777777777846 1.0024082397866525 0.01 1.0
2.02759998342234 -0.020833333333333405 0.9989897541871753 0.01 1.0
2.02759998342234 -0.013888888888888968 0.9930055930780748 0.01 1.0
2.02759998342234 -0.006944444444444531 1.0089877341419857 0.01 1.0
2.02759998342234 -9.25185853854297e-17 1.004041013953786 0.01 1.0
2.02759998342234 0.006944444444444345 1.001733262153358 0.01 1.0
2.02759998342234 0.013888888888888784 0.9958486905920034 0.01 1.0
2.02759998342234 0.02083333333333322 0.984690727477012 0.01 1.0
2.02759998342234 0.02777777777777766 1.009196229095194 0.01 1.0
2.02759998342234 0.0347222222222221 0.9833395911678336 0.01 1.0
2.02759998342234 0.04166666666666653 0.9904386262033933 0.01 1.0
2.02759998342234 0.04861111111111097 1.0056523530471841 0.01 1.0
2.02759998342234 0.055555555555555414 0.9950628684935076 0.01 1.0
2.02759998342234 0.06249999999999985 1.004527230747698 0.01 1.0
2.02759998342234 0.06944444444444427 1.0024576880274745 0.01 1.0
2.02759998342234 0.07638888888888873 1.0019374941690902 0.01 1.0
2.02759998342234 0.08333333333333318 1.020479115473628 0.01 1.0
2.02759998342234 0.0902777777777776 1.0030068049509715 0.01 1.0
2.02759998342234 0.09722222222222202 1.0011437839087722 0.01 1.0
2.1315572575844115 -0.10416666666666666 1.0106292424525434 0.01 1.0
2.1315572575844115 -0.09722222222222222 1.0127110985451822 0.01 1.0
2.1315572575844115 -0.09027777777777779 0.9928372752318049 0.01 1.0
2.1315572575844115 -0.08333333333333334 0.9961833175431545 0.01 1.0
2.1315572575844115 -0.07638888888888891 1.0066100326389347 0.01 1.0
2.1315572575844115 -0.06944444444444448 0.9878451381744423 0.01 1.0
2.1315572575844115 -0.06250000000000003 0.9746221823710726 0.01 1.0
2.1315572575844115 -0.055555555555555594 0.999302918122711 0.01 1.0
2.1315572575844115 -0.04861111111111116 0.997410572784703 0.01 1.0
2.1315572575844115 -0.04166666666666672 0.9960112173370167 0.01 1.0
2.1315572575844115 -0.03472222222222228 1.011102806801658 0.01 1.0
2.1315572575844115 -0.027777777777777846 0.9882840559568633 0.01 1.0
2.1315572575844115 -0.020833333333333405 0.9938974421623056 0.01 1.0
2.1315572575844115 -0.013888888888888968 0.9942295140970706 0.01 1.0
2.1315572575844115 -0.006944444444444531 0.9822743962499757 0.01 1.0
2.1315572575844115 -9.25185853854297e-17 0.9848029228590924 0.01 1.0
2.1315572575844115 0.006944444444444345 1.0033596041240287 0.01 1.0
2.1315572575844115 0.013888888888888784 1.0025497074537637 0.01 1.0
2.1315572575844115 0.02083333333333322 0.9884508769287267 0.01 1.0
2.1315572575844115 0.02777777777777766 1.0064129894608251 0.01 1.0
2.1315572575844115 0.0347222222222221 1.0047497717515492 0.01 1.0
2.1315572575844115 0.04166666666666653 1.021210549531797 0.01 1.0
2.1315572575844115 0.04861111111111097 1.0048907628142267 0.01 1.0
2.1315572575844115 0.055555555555555414 0.9777397690557528 0.01 1.0
2.1315572575844115 0.06249999999999985 0.9915994938116471 0.01 1.0
2.1315572575844115 0.06944444444444427 1.0082380187871145 0.01 1.0
2.1315572575844115 0.07638888888888873 0.9955322702916337 0.01 1.0
2.1315572575844115 0.08333333333333318 1.0129472461803115 0.01 1.0
2.1315572575844115 0.0902777777777776 0.9984561386144115 0.01 1.0
2.1315572575844115 0.09722222222222202 0.9992738837553551 0.01 1.0
2.2408445351690354 -0.10416666666666666 1.011043384788311 0.01 1.0
2.2408445351690354 -0.09722222222222222 1.0046502631204615 0.01 1.0
2.2408445351690354 -0.09027777777777779 1.0010335504551973 0.01 1.0
2.2408445351690354 -0.08333333333333334 1.0075341052655735 0.01 1.0
2.2408445351690354 -0.07638888888888891 1.0098163302274954 0.01 1.0
2.2408445351690354 -0.06944444444444448 1.0179028736122575 0.01 1.0
2.2408445351690354 -0.06250000000000003 1.0064123466130173 0.01 1.0
2.2408445351690354 -0.055555555555555594 0.9981781182358873 0.01 1.0
2.2408445351690354 -0.04861111111111116 0.989656289268206 0.01 1.0
2.2408445351690354 -0.04166666666666672 1.0053293524366929 0.01 1.0
2.2408445351690354 -0.03472222222222228 1.0003876804178382 0.01 1.0
2.2408445351690354 -0.027777777777777846 1.0102622728318242 0.01 1.0
2.2408445351690354 -0.020833333333333405 0.9939396190639436 0.01 1.0
2.2408445351690354 -0.013888888888888968 1.0105944874020192 0.01 1.0
2.2408445351690354 -0.006944444444444531 1.0114215752792115 0.01 1.0
2.2408445351690354 -9.25185853854297e-17 1.006249576259065 0.01 1.0
2.2408445351690354 0.006944444444444345 1.003574822058059 0.01 1.0
2.2408445351690354 0.013888888888888784 0.9876618583602228 0.01 1.0
2.2408445351690354 0.02083333333333322 1.006272414137552 0.01 1.0
2.2408445351690354 0.02777777777777766 1.0060007872780872 0.01 1.0
2.2408445351690354 0.0347222222222221 1.0095643548664888 0.01 1.0
2.2408445351690354 0.04166666666666653 0.9944048520938 0.01 1.0
2.2408445351690354 0.04861111111111097 1.0041830707316903 0.01 1.0
2.2408445351690354 0.055555555555555414 1.0033181836304654 0.01 1.0
2.2408445351690354 0.06249999999999985 1.0055438802862537 0.01 1.0
2.2408445351690354 0.06944444444444427 1.02682215838045 0.01 1.0
2.2408445351690354 0.07638888888888873 1.0102225211554152 0.01 1.0
2.2408445351690354 0.08333333333333318 0.9928491598785795 0.01 1.0
2.2408445351690354 0.0902777777777776 0.9938010769779676 0.01 1.0
2.2408445351690354 0.09722222222222202 1.0018733454479882 0.01 1.0
2.355735091295374 -0.10416666666666666 1.004994529633747 0.01 1.0
2.355735091295374 -0.09722222222222222 1.0142096867246984 0.01 1.0
2.355735091295374 -0.09027777777777779 0.9783056827618254 0.01 1.0
2.355735091295374 -0.08333333333333334 1.005969941200059 0.01 1.0
2.355735091295374 -0.07638888888888891 1.0144606986688895 0.01 1.0
2.355735091295374 -0.06944444444444448 1.0174021000408866 0.01 1.0
2.355735091295374 -0.06250000000000003 0.9868278144697796 0.01 1.0
2.355735091295374 -0.055555555555555594 1.0037322663044814 0.01 1.0
2.355735091295374 -0.04861111111111116 0.9970653008847562 0.01 1.0
2.355735091295374 -0.04166666666666672 1.0049124542719512 0.01 1.0
2.355735091295374 -0.03472222222222228 0.9977482808320254 0.01 1.0
2.355735091295374 -0.027777777777777846 0.9881067583866046 0.01 1.0
2.355735091295374 -0.020833333333333405 1.002681256454896 0.01 1.0
2.355735091295374 -0.013888888888888968 1.0078849300976627 0.01 1.0
2.355735091295374 -0.006944444444444531 1.0083021187669328 0.01 1.0
2.355735091295374 -9.25185853854297e-17 1.0100784102229512 0.01 1.0
2.355735091295374 0.006944444444444345 1.007677601777569 0.01 1.0
2.355735091295374 0.013888888888888784 1.009459903841687 0.01 1.0
2.355735091295374 0.02083333333333322 0.9770611433939566 0.01 1.0
2.355735091295374 0.02777777777777766 0.9904172431967867 0.01 1.0
2.355735091295374 0.0347222222222221 0.9956367982478352 0.01 1.0
2.355735091295374 0.04166666666666653 0.9939563945407572 0.01 1.0
2.355735091295374 0.04861111111111097 0.9913981687162069 0.01 1.0
2.355735091295374 0.055555555555555414 0.9882229187868995 0.01 1.0
2.355735091295374 0.06249999999999985 0.9949588084290387 0.01 1.0
2.355735091295374 0.06944444444444427 1.0099158668864836 0.01 1.0
2.355735091295374 0.07638888888888873 1.0017818204489908 0.01 1.0
