examples/test.rainbow.txt
# %ECSV 0.9
# ---
# datatype:
# - {name: wavelength, unit: micron, datatype: float64}
# - {name: time, unit: d, datatype: float64}
# - {name: flux, datatype: float64}
# - {name: uncertainty, datatype: float64}
# - {name: model, datatype: float64}
# meta: {R: 20, signal_to_noise: 100, wscale: log}
# schema: astropy-2.0
wavelength time flux uncertainty model
[from data line 244]
0.7459123488206354 -0.07638888888888891 1.0035919416564372 0.01 1.0
0.7459123488206354 -0.06944444444444448 1.0140196966473687 0.01 1.0
0.7459123488206354 -0.06250000000000003 1.0146942265708383 0.01 1.0
0.7459123488206354 -0.055555555555555594 1.0202493942780801 0.01 1.0
0.7459123488206354 -0.04861111111111116 1.0084881336206222 0.01 1.0
0.7459123488206354 -0.04166666666666672 1.0080939218865157 0.01 1.0
0.7459123488206354 -0.03472222222222228 1.0011550389969264 0.01 1.0
0.7459123488206354 -0.027777777777777846 1.0169943453737655 0.01 1.0
0.7459123488206354 -0.020833333333333405 1.0042709819030053 0.01 1.0
0.7459123488206354 -0.013888888888888968 1.0188512995595524 0.01 1.0
0.7459123488206354 -0.006944444444444531 1.001862427258537 0.01 1.0
0.7459123488206354 -9.25185853854297e-17 0.996263082927404 0.01 1.0
0.7459123488206354 0.006944444444444345 1.0096194363521482 0.01 1.0
0.7459123488206354 0.013888888888888784 1.0029332744729895 0.01 1.0
0.7459123488206354 0.02083333333333322 0.9980853714241581 0.01 1.0
0.7459123488206354 0.02777777777777766 1.0020290479815877 0.01 1.0
0.7459123488206354 0.0347222222222221 0.9934056137240284 0.01 1.0
0.7459123488206354 0.04166666666666653 0.9788976937795397 0.01 1.0
0.7459123488206354 0.04861111111111097 0.9885274169936569 0.01 1.0
0.7459123488206354 0.055555555555555414 1.0051445077079086 0.01 1.0
0.7459123488206354 0.06249999999999985 1.0036100472437335 0.01 1.0
0.7459123488206354 0.06944444444444427 0.9926635004397298 0.01 1.0
0.7459123488206354 0.07638888888888873 0.9965197535581912 0.01 1.0
0.7459123488206354 0.08333333333333318 0.9826549692046131 0.01 1.0
0.7459123488206354 0.0902777777777776 1.0203221970305116 0.01 1.0
0.7459123488206354 0.09722222222222202 1.0137667456614285 0.01 1.0
0.7841560927450847 -0.10416666666666666 0.9937739983495867 0.01 1.0
0.7841560927450847 -0.09722222222222222 1.006146994569046 0.01 1.0
0.7841560927450847 -0.09027777777777779 1.0037439554172103 0.01 1.0
0.7841560927450847 -0.08333333333333334 1.010207700091334 0.01 1.0
0.7841560927450847 -0.07638888888888891 1.0039038025076923 0.01 1.0
0.7841560927450847 -0.06944444444444448 1.0019313927051925 0.01 1.0
0.7841560927450847 -0.06250000000000003 0.9939220010178436 0.01 1.0
0.7841560927450847 -0.055555555555555594 0.9940811510517278 0.01 1.0
0.7841560927450847 -0.04861111111111116 1.0126179020833639 0.01 1.0
0.7841560927450847 -0.04166666666666672 0.9997717754222695 0.01 1.0
0.7841560927450847 -0.03472222222222228 0.9899689634602156 0.01 1.0
0.7841560927450847 -0.027777777777777846 0.9889161302373545 0.01 1.0
0.7841560927450847 -0.020833333333333405 0.9814017007190078 0.01 1.0
0.7841560927450847 -0.013888888888888968 1.0113104278743108 0.01 1.0
0.7841560927450847 -0.006944444444444531 1.0148553933117597 0.01 1.0
0.7841560927450847 -9.25185853854297e-17 1.0076608040306365 0.01 1.0
0.7841560927450847 0.006944444444444345 1.0183540492522223 0.01 1.0
0.7841560927450847 0.013888888888888784 1.0141165783771267 0.01 1.0
0.7841560927450847 0.02083333333333322 0.9856397575974786 0.01 1.0
0.7841560927450847 0.02777777777777766 1.0090964398035815 0.01 1.0
0.7841560927450847 0.0347222222222221 1.0155922082792999 0.01 1.0
0.7841560927450847 0.04166666666666653 0.9949445442316788 0.01 1.0
0.7841560927450847 0.04861111111111097 1.0052771118291415 0.01 1.0
0.7841560927450847 0.055555555555555414 0.9952726021706216 0.01 1.0
0.7841560927450847 0.06249999999999985 0.9983629775061443 0.01 1.0
0.7841560927450847 0.06944444444444427 1.0178876820248706 0.01 1.0
0.7841560927450847 0.07638888888888873 0.9894052985017829 0.01 1.0
0.7841560927450847 0.08333333333333318 0.9778240810400549 0.01 1.0
0.7841560927450847 0.0902777777777776 0.9954440656358091 0.01 1.0
0.7841560927450847 0.09722222222222202 0.9991475145948281 0.01 1.0
0.8243606353500644 -0.10416666666666666 0.9792865456555565 0.01 1.0
0.8243606353500644 -0.09722222222222222 0.9997443871509998 0.01 1.0
0.8243606353500644 -0.09027777777777779 0.9977636801701529 0.01 1.0
0.8243606353500644 -0.08333333333333334 1.0136143485242306 0.01 1.0
0.8243606353500644 -0.07638888888888891 0.9864955657147302 0.01 1.0
0.8243606353500644 -0.06944444444444448 1.0109006402055614 0.01 1.0
0.8243606353500644 -0.06250000000000003 0.9981183852394717 0.01 1.0
0.8243606353500644 -0.055555555555555594 1.005861681382755 0.01 1.0
0.8243606353500644 -0.04861111111111116 0.9979780298344879 0.01 1.0
0.8243606353500644 -0.04166666666666672 1.0175916644166123 0.01 1.0
0.8243606353500644 -0.03472222222222228 1.0209801079441252 0.01 1.0
0.8243606353500644 -0.027777777777777846 0.9970783419941277 0.01 1.0
0.8243606353500644 -0.020833333333333405 1.007397807736556 0.01 1.0
0.8243606353500644 -0.013888888888888968 0.9948700781179527 0.01 1.0
0.8243606353500644 -0.006944444444444531 1.004749977834403 0.01 1.0
0.8243606353500644 -9.25185853854297e-17 0.9960205027356243 0.01 1.0
0.8243606353500644 0.006944444444444345 1.0027460904965677 0.01 1.0
0.8243606353500644 0.013888888888888784 0.9991812476495417 0.01 1.0
0.8243606353500644 0.02083333333333322 1.0104407884143254 0.01 1.0
0.8243606353500644 0.02777777777777766 0.9983479886809234 0.01 1.0
0.8243606353500644 0.0347222222222221 1.0102367052814099 0.01 1.0
0.8243606353500644 0.04166666666666653 0.999138631845505 0.01 1.0
0.8243606353500644 0.04861111111111097 0.992058584521606 0.01 1.0
0.8243606353500644 0.055555555555555414 1.0053130303976978 0.01 1.0
0.8243606353500644 0.06249999999999985 0.9933204650106497 0.01 1.0
0.8243606353500644 0.06944444444444427 0.9813877151075234 0.01 1.0
0.8243606353500644 0.07638888888888873 0.9994387733296758 0.01 1.0
0.8243606353500644 0.08333333333333318 1.0002607688171017 0.01 1.0
0.8243606353500644 0.0902777777777776 0.9833215448920877 0.01 1.0
0.8243606353500644 0.09722222222222202 1.0088099566488036 0.01 1.0
0.8666265089336981 -0.10416666666666666 0.9996560743966835 0.01 1.0
0.8666265089336981 -0.09722222222222222 1.0199324015426579 0.01 1.0
0.8666265089336981 -0.09027777777777779 0.9964466323669225 0.01 1.0
0.8666265089336981 -0.08333333333333334 0.9998776316569049 0.01 1.0
0.8666265089336981 -0.07638888888888891 1.0023976636855996 0.01 1.0
0.8666265089336981 -0.06944444444444448 0.9985974252247223 0.01 1.0
0.8666265089336981 -0.06250000000000003 1.0255956534674417 0.01 1.0
0.8666265089336981 -0.055555555555555594 1.0162066566913908 0.01 1.0
0.8666265089336981 -0.04861111111111116 0.9958371491942886 0.01 1.0
0.8666265089336981 -0.04166666666666672 1.0094547464861339 0.01 1.0
0.8666265089336981 -0.03472222222222228 1.0012589228057405 0.01 1.0
0.8666265089336981 -0.027777777777777846 1.0062975794395943 0.01 1.0
0.8666265089336981 -0.020833333333333405 1.0004458005698578 0.01 1.0
0.8666265089336981 -0.013888888888888968 1.004698151314293 0.01 1.0
0.8666265089336981 -0.006944444444444531 1.0057431269607637 0.01 1.0
0.8666265089336981 -9.25185853854297e-17 0.974721429339948 0.01 1.0
0.8666265089336981 0.006944444444444345 0.9864213055927489 0.01 1.0
0.8666265089336981 0.013888888888888784 1.003856542692583 0.01 1.0
0.8666265089336981 0.02083333333333322 1.002126025249475 0.01 1.0
0.8666265089336981 0.02777777777777766 1.0095318903317545 0.01 1.0
0.8666265089336981 0.0347222222222221 0.9984759900956534 0.01 1.0
0.8666265089336981 0.04166666666666653 1.0061265300501845 0.01 1.0
0.8666265089336981 0.04861111111111097 0.9925750074394255 0.01 1.0
0.8666265089336981 0.055555555555555414 1.0071278318997623 0.01 1.0
0.8666265089336981 0.06249999999999985 1.0071724473830832 0.01 1.0
0.8666265089336981 0.06944444444444427 0.9842598859990179 0.01 1.0
0.8666265089336981 0.07638888888888873 0.9833353605865952 0.01 1.0
0.8666265089336981 0.08333333333333318 1.0110655256510308 0.01 1.0
0.8666265089336981 0.0902777777777776 0.9796623962705407 0.01 1.0
0.8666265089336981 0.09722222222222202 0.9851664731168771 0.01 1.0
0.911059400195255 -0.10416666666666666 0.9869413121987216 0.01 1.0
0.911059400195255 -0.09722222222222222 1.0058141814096158 0.01 1.0
0.911059400195255 -0.09027777777777779 0.9995147242614062 0.01 1.0
0.911059400195255 -0.08333333333333334 0.9843539095336872 0.01 1.0
0.911059400195255 -0.07638888888888891 0.9854798987541787 0.01 1.0
0.911059400195255 -0.06944444444444448 1.0053871256050373 0.01 1.0
0.911059400195255 -0.06250000000000003 1.0082904369881671 0.01 1.0
0.911059400195255 -0.055555555555555594 0.9829849979635802 0.01 1.0
0.911059400195255 -0.04861111111111116 0.9875938328671942 0.01 1.0
0.911059400195255 -0.04166666666666672 1.0129694602589023 0.01 1.0
0.911059400195255 -0.03472222222222228 1.0105166070828435 0.01 1.0
0.911059400195255 -0.027777777777777846 0.9876955177961155 0.01 1.0
0.911059400195255 -0.020833333333333405 1.0187700401275126 0.01 1.0
0.911059400195255 -0.013888888888888968 0.9896750692818832 0.01 1.0
0.911059400195255 -0.006944444444444531 0.9853897180664927 0.01 1.0
0.911059400195255 -9.25185853854297e-17 1.0172348791902364 0.01 1.0
0.911059400195255 0.006944444444444345 1.0022412920452595 0.01 1.0
0.911059400195255 0.013888888888888784 0.9917977588833018 0.01 1.0
0.911059400195255 0.02083333333333322 1.008008741721637 0.01 1.0
0.911059400195255 0.02777777777777766 0.9891379147224697 0.01 1.0
0.911059400195255 0.0347222222222221 1.0006939618815838 0.01 1.0
0.911059400195255 0.04166666666666653 1.0051554425875517 0.01 1.0
0.911059400195255 0.04861111111111097 1.008872588804857 0.01 1.0
0.911059400195255 0.055555555555555414 0.9986425444821301 0.01 1.0
0.911059400195255 0.06249999999999985 0.9836599560035066 0.01 1.0
0.911059400195255 0.06944444444444427 1.0031621438255993 0.01 1.0
0.911059400195255 0.07638888888888873 0.9894008901887574 0.01 1.0
0.911059400195255 0.08333333333333318 0.9947642716587819 0.01 1.0
0.911059400195255 0.0902777777777776 1.0145123597682435 0.01 1.0
0.911059400195255 0.09722222222222202 0.9938517339810244 0.01 1.0
0.9577704145069487 -0.10416666666666666 0.9964734994349586 0.01 1.0
0.9577704145069487 -0.09722222222222222 1.0076033871068688 0.01 1.0
0.9577704145069487 -0.09027777777777779 1.0046764912242314 0.01 1.0
0.9577704145069487 -0.08333333333333334 1.0226806677176903 0.01 1.0
0.9577704145069487 -0.07638888888888891 1.0102433532344173 0.01 1.0
0.9577704145069487 -0.06944444444444448 0.9810775943257609 0.01 1.0
0.9577704145069487 -0.06250000000000003 0.9831771462699562 0.01 1.0
0.9577704145069487 -0.055555555555555594 0.9979940146027573 0.01 1.0
0.9577704145069487 -0.04861111111111116 0.9825609611846835 0.01 1.0
0.9577704145069487 -0.04166666666666672 1.0088454825095416 0.01 1.0
0.9577704145069487 -0.03472222222222228 1.0073920868700008 0.01 1.0
0.9577704145069487 -0.027777777777777846 0.9993100470639803 0.01 1.0
0.9577704145069487 -0.020833333333333405 1.016077533257247 0.01 1.0
0.9577704145069487 -0.013888888888888968 1.0015982005012312 0.01 1.0
0.9577704145069487 -0.006944444444444531 0.9951744565329192 0.01 1.0
0.9577704145069487 -9.25185853854297e-17 0.9717479839764146 0.01 1.0
0.9577704145069487 0.006944444444444345 1.0010684389044897 0.01 1.0
0.9577704145069487 0.013888888888888784 1.0049734091617193 0.01 1.0
0.9577704145069487 0.02083333333333322 0.996877636948268 0.01 1.0
0.9577704145069487 0.02777777777777766 0.9988717038278899 0.01 1.0
0.9577704145069487 0.0347222222222221 1.005201077132499 0.01 1.0
0.9577704145069487 0.04166666666666653 0.9881804724193539 0.01 1.0
0.9577704145069487 0.04861111111111097 1.009163629215916 0.01 1.0
0.9577704145069487 0.055555555555555414 0.9900340894678767 0.01 1.0
0.9577704145069487 0.06249999999999985 1.0086368984406138 0.01 1.0
0.9577704145069487 0.06944444444444427 0.962212528680872 0.01 1.0
0.9577704145069487 0.07638888888888873 1.0005087966302881 0.01 1.0
0.9577704145069487 0.08333333333333318 0.9842950293278582 0.01 1.0
0.9577704145069487 0.0902777777777776 1.0015668971238556 0.01 1.0
0.9577704145069487 0.09722222222222202 0.9998589804608584 0.01 1.0
1.006876353735239 -0.10416666666666666 1.0083527816611726 0.01 1.0
1.006876353735239 -0.09722222222222222 0.9928756103210583 0.01 1.0
1.006876353735239 -0.09027777777777779 0.996853562585647 0.01 1.0
1.006876353735239 -0.08333333333333334 0.9959060147948852 0.01 1.0
1.006876353735239 -0.07638888888888891 0.9962039135268255 0.01 1.0
1.006876353735239 -0.06944444444444448 1.009137189239325 0.01 1.0
1.006876353735239 -0.06250000000000003 1.0058924904317676 0.01 1.0
1.006876353735239 -0.055555555555555594 1.0127842907598963 0.01 1.0
1.006876353735239 -0.04861111111111116 0.993951672521949 0.01 1.0
1.006876353735239 -0.04166666666666672 1.0080187346775187 0.01 1.0
1.006876353735239 -0.03472222222222228 1.001377611488188 0.01 1.0
1.006876353735239 -0.027777777777777846 1.010837770456439 0.01 1.0
1.006876353735239 -0.020833333333333405 0.9936634393299913 0.01 1.0
1.006876353735239 -0.013888888888888968 1.0196245864646123 0.01 1.0
1.006876353735239 -0.006944444444444531 1.0043664728798907 0.01 1.0
1.006876353735239 -9.25185853854297e-17 0.9946709899579874 0.01 1.0
1.006876353735239 0.006944444444444345 0.9873109835792381 0.01 1.0
1.006876353735239 0.013888888888888784 0.9912572565718131 0.01 1.0
1.006876353735239 0.02083333333333322 1.022897958453709 0.01 1.0
1.006876353735239 0.02777777777777766 1.0069315308062328 0.01 1.0
1.006876353735239 0.0347222222222221 0.9885593770672252 0.01 1.0
1.006876353735239 0.04166666666666653 1.0162400898631718 0.01 1.0
1.006876353735239 0.04861111111111097 1.0041512385155056 0.01 1.0
1.006876353735239 0.055555555555555414 0.9989661394333679 0.01 1.0
1.006876353735239 0.06249999999999985 0.993371609296082 0.01 1.0
1.006876353735239 0.06944444444444427 1.0149865335003665 0.01 1.0
1.006876353735239 0.07638888888888873 0.9996367736828297 0.01 1.0
1.006876353735239 0.08333333333333318 1.0050732691750355 0.01 1.0
1.006876353735239 0.0902777777777776 1.0068939344611385 0.01 1.0
1.006876353735239 0.09722222222222202 1.0060221332069699 0.01 1.0
1.058500008306338 -0.10416666666666666 1.0059688019027104 0.01 1.0
1.058500008306338 -0.09722222222222222 1.0066228405566096 0.01 1.0
1.058500008306338 -0.09027777777777779 1.0137656967297544 0.01 1.0
1.058500008306338 -0.08333333333333334 1.0139395328255887 0.01 1.0
1.058500008306338 -0.07638888888888891 1.0062041946674485 0.01 1.0
1.058500008306338 -0.06944444444444448 1.0178763125001185 0.01 1.0
1.058500008306338 -0.06250000000000003 1.0047623879629235 0.01 1.0
1.058500008306338 -0.055555555555555594 1.0166214824813269 0.01 1.0
1.058500008306338 -0.04861111111111116 1.0170822450658825 0.01 1.0
1.058500008306338 -0.04166666666666672 0.9906514061069217 0.01 1.0
1.058500008306338 -0.03472222222222228 0.9790726449280555 0.01 1.0
1.058500008306338 -0.027777777777777846 1.003854167113624 0.01 1.0
1.058500008306338 -0.020833333333333405 1.0094232633560873 0.01 1.0
1.058500008306338 -0.013888888888888968 0.9937485381381569 0.01 1.0
1.058500008306338 -0.006944444444444531 0.9968821626621827 0.01 1.0
1.058500008306338 -9.25185853854297e-17 1.0051620781275603 0.01 1.0
1.058500008306338 0.006944444444444345 0.9966380556474128 0.01 1.0
1.058500008306338 0.013888888888888784 0.9728217101131089 0.01 1.0
1.058500008306338 0.02083333333333322 1.012660447327556 0.01 1.0
1.058500008306338 0.02777777777777766 1.0054742091908542 0.01 1.0
1.058500008306338 0.0347222222222221 1.0226077227254557 0.01 1.0
1.058500008306338 0.04166666666666653 0.989619977107692 0.01 1.0
1.058500008306338 0.04861111111111097 0.9896066883482565 0.01 1.0
1.058500008306338 0.055555555555555414 1.0068363971349026 0.01 1.0
1.058500008306338 0.06249999999999985 1.008182234278791 0.01 1.0
1.058500008306338 0.06944444444444427 1.0120612084446434 0.01 1.0
1.058500008306338 0.07638888888888873 1.0011435101281065 0.01 1.0
1.058500008306338 0.08333333333333318 1.0321198934745497 0.01 1.0
1.058500008306338 0.0902777777777776 0.9967892624702085 0.01 1.0
1.058500008306338 0.09722222222222202 0.993205650392335 0.01 1.0
1.1127704642462346 -0.10416666666666666 0.9951331724154516 0.01 1.0
