examples/test.rainbow.txt
# %ECSV 0.9
# ---
# datatype:
# - {name: wavelength, unit: micron, datatype: float64}
# - {name: time, unit: d, datatype: float64}
# - {name: flux, datatype: float64}
# - {name: uncertainty, datatype: float64}
# - {name: model, datatype: float64}
# meta: {R: 20, signal_to_noise: 100, wscale: log}
# schema: astropy-2.0
wavelength time flux uncertainty model
[from data line 958]
2.355735091295374 0.0902777777777776 0.9969622825626999 0.01 1.0
2.355735091295374 0.09722222222222202 0.9940189938595098 0.01 1.0
2.476516212197561 -0.10416666666666666 1.0105042519822012 0.01 1.0
2.476516212197561 -0.09722222222222222 1.0008536430476949 0.01 1.0
2.476516212197561 -0.09027777777777779 0.9920120431063303 0.01 1.0
2.476516212197561 -0.08333333333333334 1.0009827123036399 0.01 1.0
2.476516212197561 -0.07638888888888891 0.9934027899363855 0.01 1.0
2.476516212197561 -0.06944444444444448 1.0059605215394376 0.01 1.0
2.476516212197561 -0.06250000000000003 1.000057394453334 0.01 1.0
2.476516212197561 -0.055555555555555594 0.9897057425370653 0.01 1.0
2.476516212197561 -0.04861111111111116 0.9920679993846743 0.01 1.0
2.476516212197561 -0.04166666666666672 0.9922707277179388 0.01 1.0
2.476516212197561 -0.03472222222222228 1.0089921500326668 0.01 1.0
2.476516212197561 -0.027777777777777846 0.9896464993549516 0.01 1.0
2.476516212197561 -0.020833333333333405 1.007131485134682 0.01 1.0
2.476516212197561 -0.013888888888888968 1.0142913813263112 0.01 1.0
2.476516212197561 -0.006944444444444531 1.0057982832132122 0.01 1.0
2.476516212197561 -9.25185853854297e-17 0.9968555864546068 0.01 1.0
2.476516212197561 0.006944444444444345 1.0019658764916166 0.01 1.0
2.476516212197561 0.013888888888888784 0.9784307285340347 0.01 1.0
2.476516212197561 0.02083333333333322 0.9970617974911019 0.01 1.0
2.476516212197561 0.02777777777777766 1.0046609909209359 0.01 1.0
2.476516212197561 0.0347222222222221 1.0022597448978598 0.01 1.0
2.476516212197561 0.04166666666666653 1.0095950397332174 0.01 1.0
2.476516212197561 0.04861111111111097 1.0000833820010304 0.01 1.0
2.476516212197561 0.055555555555555414 0.9954587332415046 0.01 1.0
2.476516212197561 0.06249999999999985 1.0196147039087868 0.01 1.0
2.476516212197561 0.06944444444444427 0.9984482066413295 0.01 1.0
2.476516212197561 0.07638888888888873 1.0086859725706827 0.01 1.0
2.476516212197561 0.08333333333333318 0.9882292011664384 0.01 1.0
2.476516212197561 0.0902777777777776 0.9987987544532481 0.01 1.0
2.476516212197561 0.09722222222222202 0.9892053624599754 0.01 1.0
2.6034899135899283 -0.10416666666666666 0.9976341404684056 0.01 1.0
2.6034899135899283 -0.09722222222222222 0.9743639385832868 0.01 1.0
2.6034899135899283 -0.09027777777777779 1.0059561217185038 0.01 1.0
2.6034899135899283 -0.08333333333333334 1.0092533582209111 0.01 1.0
2.6034899135899283 -0.07638888888888891 1.0035650425798817 0.01 1.0
2.6034899135899283 -0.06944444444444448 0.9977118564634423 0.01 1.0
2.6034899135899283 -0.06250000000000003 0.9840038344249814 0.01 1.0
2.6034899135899283 -0.055555555555555594 0.9753837535623002 0.01 1.0
2.6034899135899283 -0.04861111111111116 0.9796134773630882 0.01 1.0
2.6034899135899283 -0.04166666666666672 0.9797519339321852 0.01 1.0
2.6034899135899283 -0.03472222222222228 1.0080890389371115 0.01 1.0
2.6034899135899283 -0.027777777777777846 0.9891071477620936 0.01 1.0
2.6034899135899283 -0.020833333333333405 1.003709907611592 0.01 1.0
2.6034899135899283 -0.013888888888888968 1.0017310513557296 0.01 1.0
2.6034899135899283 -0.006944444444444531 0.9955770342290741 0.01 1.0
2.6034899135899283 -9.25185853854297e-17 1.002731987548966 0.01 1.0
2.6034899135899283 0.006944444444444345 1.0066165995706646 0.01 1.0
2.6034899135899283 0.013888888888888784 0.9996172053518849 0.01 1.0
2.6034899135899283 0.02083333333333322 1.0013009309388974 0.01 1.0
2.6034899135899283 0.02777777777777766 1.0020257488466675 0.01 1.0
2.6034899135899283 0.0347222222222221 1.000988088423317 0.01 1.0
2.6034899135899283 0.04166666666666653 0.9781249458710378 0.01 1.0
2.6034899135899283 0.04861111111111097 0.9956975032273259 0.01 1.0
2.6034899135899283 0.055555555555555414 1.0052981678739534 0.01 1.0
2.6034899135899283 0.06249999999999985 0.9927577808676598 0.01 1.0
2.6034899135899283 0.06944444444444427 1.0124592066919251 0.01 1.0
2.6034899135899283 0.07638888888888873 1.002798096126261 0.01 1.0
2.6034899135899283 0.08333333333333318 0.9991784978077035 0.01 1.0
2.6034899135899283 0.0902777777777776 0.9903023221945673 0.01 1.0
2.6034899135899283 0.09722222222222202 0.9967991284377613 0.01 1.0
2.736973695863604 -0.10416666666666666 0.994427177757262 0.01 1.0
2.736973695863604 -0.09722222222222222 0.9925050163560906 0.01 1.0
2.736973695863604 -0.09027777777777779 0.995803582443457 0.01 1.0
2.736973695863604 -0.08333333333333334 1.0101860267625762 0.01 1.0
2.736973695863604 -0.07638888888888891 0.9999100726194213 0.01 1.0
2.736973695863604 -0.06944444444444448 0.9982482045908674 0.01 1.0
2.736973695863604 -0.06250000000000003 0.9884796285508131 0.01 1.0
2.736973695863604 -0.055555555555555594 1.0113628934925454 0.01 1.0
2.736973695863604 -0.04861111111111116 0.9810210858904866 0.01 1.0
2.736973695863604 -0.04166666666666672 1.0075905824387243 0.01 1.0
2.736973695863604 -0.03472222222222228 0.9977911034372032 0.01 1.0
2.736973695863604 -0.027777777777777846 1.008181274346964 0.01 1.0
2.736973695863604 -0.020833333333333405 1.0003248133226008 0.01 1.0
2.736973695863604 -0.013888888888888968 0.9968398409781232 0.01 1.0
2.736973695863604 -0.006944444444444531 0.9787899966800454 0.01 1.0
2.736973695863604 -9.25185853854297e-17 0.9967633810746822 0.01 1.0
2.736973695863604 0.006944444444444345 1.0008802572098878 0.01 1.0
2.736973695863604 0.013888888888888784 1.0062600401762076 0.01 1.0
2.736973695863604 0.02083333333333322 0.9907327317713492 0.01 1.0
2.736973695863604 0.02777777777777766 1.014366976228631 0.01 1.0
2.736973695863604 0.0347222222222221 1.0093978122754397 0.01 1.0
2.736973695863604 0.04166666666666653 1.0316823767539838 0.01 1.0
2.736973695863604 0.04861111111111097 1.0166552794435526 0.01 1.0
2.736973695863604 0.055555555555555414 1.0084418950625982 0.01 1.0
2.736973695863604 0.06249999999999985 0.9949805377921167 0.01 1.0
2.736973695863604 0.06944444444444427 0.9991201203652189 0.01 1.0
2.736973695863604 0.07638888888888873 1.0135270845719921 0.01 1.0
2.736973695863604 0.08333333333333318 0.9929752127453677 0.01 1.0
2.736973695863604 0.0902777777777776 0.9927697424286493 0.01 1.0
2.736973695863604 0.09722222222222202 0.9991096205855211 0.01 1.0
2.8773013380028702 -0.10416666666666666 1.0019550835633164 0.01 1.0
2.8773013380028702 -0.09722222222222222 0.9989275727536037 0.01 1.0
2.8773013380028702 -0.09027777777777779 0.9900654837981752 0.01 1.0
2.8773013380028702 -0.08333333333333334 0.9889513023680208 0.01 1.0
2.8773013380028702 -0.07638888888888891 1.01129866155334 0.01 1.0
2.8773013380028702 -0.06944444444444448 1.0008407027759927 0.01 1.0
2.8773013380028702 -0.06250000000000003 1.01017313801378 0.01 1.0
2.8773013380028702 -0.055555555555555594 1.0101552625124752 0.01 1.0
2.8773013380028702 -0.04861111111111116 1.0168505370796452 0.01 1.0
2.8773013380028702 -0.04166666666666672 0.9989153637483962 0.01 1.0
2.8773013380028702 -0.03472222222222228 0.9981124132015435 0.01 1.0
2.8773013380028702 -0.027777777777777846 1.0029077859144624 0.01 1.0
2.8773013380028702 -0.020833333333333405 1.0116642467161119 0.01 1.0
2.8773013380028702 -0.013888888888888968 0.9990132890461251 0.01 1.0
2.8773013380028702 -0.006944444444444531 0.9792062469085228 0.01 1.0
2.8773013380028702 -9.25185853854297e-17 1.0034408340209906 0.01 1.0
2.8773013380028702 0.006944444444444345 1.00541678526001 0.01 1.0
2.8773013380028702 0.013888888888888784 1.0021879867015264 0.01 1.0
2.8773013380028702 0.02083333333333322 0.9906501457835509 0.01 1.0
2.8773013380028702 0.02777777777777766 1.0032046565866364 0.01 1.0
2.8773013380028702 0.0347222222222221 1.0010490195416488 0.01 1.0
2.8773013380028702 0.04166666666666653 1.0091450841201448 0.01 1.0
2.8773013380028702 0.04861111111111097 0.9746051810193905 0.01 1.0
2.8773013380028702 0.055555555555555414 1.0081728557765777 0.01 1.0
2.8773013380028702 0.06249999999999985 0.9814506655646835 0.01 1.0
2.8773013380028702 0.06944444444444427 0.9987574575981386 0.01 1.0
2.8773013380028702 0.07638888888888873 1.0020551051244526 0.01 1.0
2.8773013380028702 0.08333333333333318 0.9878553502633912 0.01 1.0
2.8773013380028702 0.0902777777777776 0.994519510356036 0.01 1.0
2.8773013380028702 0.09722222222222202 0.9904681156695332 0.01 1.0
3.0248237322064777 -0.10416666666666666 0.990481428763712 0.01 1.0
3.0248237322064777 -0.09722222222222222 0.9849788124618619 0.01 1.0
3.0248237322064777 -0.09027777777777779 1.010348554998052 0.01 1.0
3.0248237322064777 -0.08333333333333334 0.9978106514551592 0.01 1.0
3.0248237322064777 -0.07638888888888891 1.0084162856383585 0.01 1.0
3.0248237322064777 -0.06944444444444448 0.9949466066827725 0.01 1.0
3.0248237322064777 -0.06250000000000003 0.9976124432662578 0.01 1.0
3.0248237322064777 -0.055555555555555594 1.010821487929739 0.01 1.0
3.0248237322064777 -0.04861111111111116 1.000617007317568 0.01 1.0
3.0248237322064777 -0.04166666666666672 0.996679395190589 0.01 1.0
3.0248237322064777 -0.03472222222222228 0.9858787076612777 0.01 1.0
3.0248237322064777 -0.027777777777777846 0.9911166565677672 0.01 1.0
3.0248237322064777 -0.020833333333333405 1.002115632221376 0.01 1.0
3.0248237322064777 -0.013888888888888968 0.9874507174615292 0.01 1.0
3.0248237322064777 -0.006944444444444531 0.9990979324554908 0.01 1.0
3.0248237322064777 -9.25185853854297e-17 1.0058735523061062 0.01 1.0
3.0248237322064777 0.006944444444444345 1.0029667864019811 0.01 1.0
3.0248237322064777 0.013888888888888784 0.9904204354789301 0.01 1.0
3.0248237322064777 0.02083333333333322 0.9997380925886773 0.01 1.0
3.0248237322064777 0.02777777777777766 0.9956985164640089 0.01 1.0
3.0248237322064777 0.0347222222222221 0.9967406135580386 0.01 1.0
3.0248237322064777 0.04166666666666653 1.0112936388458023 0.01 1.0
3.0248237322064777 0.04861111111111097 0.9997407845424925 0.01 1.0
3.0248237322064777 0.055555555555555414 1.0023993332287726 0.01 1.0
3.0248237322064777 0.06249999999999985 0.9878365626287287 0.01 1.0
3.0248237322064777 0.06944444444444427 0.9928172961340282 0.01 1.0
3.0248237322064777 0.07638888888888873 0.9810321530051861 0.01 1.0
3.0248237322064777 0.08333333333333318 0.9951575101364555 0.01 1.0
3.0248237322064777 0.0902777777777776 0.98521735497834 0.01 1.0
3.0248237322064777 0.09722222222222202 0.9938428550551103 0.01 1.0
3.1799097613009213 -0.10416666666666666 1.0071815818648084 0.01 1.0
3.1799097613009213 -0.09722222222222222 1.004515034067601 0.01 1.0
3.1799097613009213 -0.09027777777777779 1.0229923499915956 0.01 1.0
3.1799097613009213 -0.08333333333333334 0.9945562528799322 0.01 1.0
3.1799097613009213 -0.07638888888888891 1.0171674179264267 0.01 1.0
3.1799097613009213 -0.06944444444444448 1.0044463119767209 0.01 1.0
3.1799097613009213 -0.06250000000000003 1.0006940994757805 0.01 1.0
3.1799097613009213 -0.055555555555555594 0.9921098464917605 0.01 1.0
3.1799097613009213 -0.04861111111111116 0.997593089879198 0.01 1.0
3.1799097613009213 -0.04166666666666672 0.99257913919003 0.01 1.0
3.1799097613009213 -0.03472222222222228 1.0142930314988128 0.01 1.0
3.1799097613009213 -0.027777777777777846 1.00403053847323 0.01 1.0
3.1799097613009213 -0.020833333333333405 1.0000339648589425 0.01 1.0
3.1799097613009213 -0.013888888888888968 0.9911687001369226 0.01 1.0
3.1799097613009213 -0.006944444444444531 1.0106982398029183 0.01 1.0
3.1799097613009213 -9.25185853854297e-17 1.0127667653786714 0.01 1.0
3.1799097613009213 0.006944444444444345 0.9887738657102866 0.01 1.0
3.1799097613009213 0.013888888888888784 0.9955891074706192 0.01 1.0
3.1799097613009213 0.02083333333333322 0.9972076398326493 0.01 1.0
3.1799097613009213 0.02777777777777766 0.9925304657054134 0.01 1.0
3.1799097613009213 0.0347222222222221 0.9999558050548186 0.01 1.0
3.1799097613009213 0.04166666666666653 0.9716635197560788 0.01 1.0
3.1799097613009213 0.04861111111111097 1.0142183856700173 0.01 1.0
3.1799097613009213 0.055555555555555414 0.996009395848921 0.01 1.0
3.1799097613009213 0.06249999999999985 0.9883736701001586 0.01 1.0
3.1799097613009213 0.06944444444444427 1.003043164685866 0.01 1.0
3.1799097613009213 0.07638888888888873 0.9948705249799701 0.01 1.0
3.1799097613009213 0.08333333333333318 0.9908757973463922 0.01 1.0
3.1799097613009213 0.0902777777777776 1.0156286337420855 0.01 1.0
3.1799097613009213 0.09722222222222202 0.9853737495523259 0.01 1.0
3.34294722113964 -0.10416666666666666 0.9974405365255514 0.01 1.0
3.34294722113964 -0.09722222222222222 1.0141952248726542 0.01 1.0
3.34294722113964 -0.09027777777777779 0.9892152522541877 0.01 1.0
3.34294722113964 -0.08333333333333334 1.011193402487417 0.01 1.0
3.34294722113964 -0.07638888888888891 0.9987714852288041 0.01 1.0
3.34294722113964 -0.06944444444444448 1.002368113887591 0.01 1.0
3.34294722113964 -0.06250000000000003 0.9958561512972246 0.01 1.0
3.34294722113964 -0.055555555555555594 0.9922914913632491 0.01 1.0
3.34294722113964 -0.04861111111111116 0.9954769984283458 0.01 1.0
3.34294722113964 -0.04166666666666672 0.9997818923061377 0.01 1.0
3.34294722113964 -0.03472222222222228 0.9898085159395816 0.01 1.0
3.34294722113964 -0.027777777777777846 1.009969431009804 0.01 1.0
3.34294722113964 -0.020833333333333405 0.9906410172877662 0.01 1.0
3.34294722113964 -0.013888888888888968 1.0075658696285952 0.01 1.0
3.34294722113964 -0.006944444444444531 0.9881711909441953 0.01 1.0
3.34294722113964 -9.25185853854297e-17 1.0024185797316378 0.01 1.0
3.34294722113964 0.006944444444444345 0.995588361558024 0.01 1.0
3.34294722113964 0.013888888888888784 0.9969578689312059 0.01 1.0
3.34294722113964 0.02083333333333322 0.9939010340000576 0.01 1.0
3.34294722113964 0.02777777777777766 1.004846989290572 0.01 1.0
3.34294722113964 0.0347222222222221 0.9984034974575695 0.01 1.0
3.34294722113964 0.04166666666666653 1.0107906809816347 0.01 1.0
3.34294722113964 0.04861111111111097 1.0072393452212265 0.01 1.0
3.34294722113964 0.055555555555555414 1.0029471773547571 0.01 1.0
3.34294722113964 0.06249999999999985 1.0025107340579964 0.01 1.0
3.34294722113964 0.06944444444444427 1.009175249827534 0.01 1.0
3.34294722113964 0.07638888888888873 0.9987099930476252 0.01 1.0
3.34294722113964 0.08333333333333318 0.9980984430941598 0.01 1.0
3.34294722113964 0.0902777777777776 0.9906417816960573 0.01 1.0
3.34294722113964 0.09722222222222202 0.9824326888982572 0.01 1.0
3.514343790294653 -0.10416666666666666 0.9992496549478014 0.01 1.0
3.514343790294653 -0.09722222222222222 1.0135272413788294 0.01 1.0
3.514343790294653 -0.09027777777777779 0.9979670962911512 0.01 1.0
3.514343790294653 -0.08333333333333334 1.002996041030371 0.01 1.0
3.514343790294653 -0.07638888888888891 1.002213946958579 0.01 1.0
3.514343790294653 -0.06944444444444448 0.991807019910881 0.01 1.0
3.514343790294653 -0.06250000000000003 0.9977287542040515 0.01 1.0
3.514343790294653 -0.055555555555555594 1.0058032393024132 0.01 1.0
3.514343790294653 -0.04861111111111116 1.0024357450100991 0.01 1.0
3.514343790294653 -0.04166666666666672 1.00956345327255 0.01 1.0
3.514343790294653 -0.03472222222222228 1.0019001851361538 0.01 1.0
3.514343790294653 -0.027777777777777846 1.0198107929938995 0.01 1.0
3.514343790294653 -0.020833333333333405 0.9822043269688009 0.01 1.0
3.514343790294653 -0.013888888888888968 0.999783529327378 0.01 1.0
3.514343790294653 -0.006944444444444531 0.9877020902485357 0.01 1.0
3.514343790294653 -9.25185853854297e-17 0.995529556428171 0.01 1.0
3.514343790294653 0.006944444444444345 1.0024588577558649 0.01 1.0
3.514343790294653 0.013888888888888784 0.9920881999850722 0.01 1.0
3.514343790294653 0.02083333333333322 1.0062119876685298 0.01 1.0
3.514343790294653 0.02777777777777766 0.9910616045590568 0.01 1.0
3.514343790294653 0.0347222222222221 1.0036387270850498 0.01 1.0
3.514343790294653 0.04166666666666653 1.001077732809622 0.01 1.0
3.514343790294653 0.04861111111111097 0.9950474863451556 0.01 1.0
3.514343790294653 0.055555555555555414 1.0060942538604727 0.01 1.0
3.514343790294653 0.06249999999999985 1.0081459251141436 0.01 1.0
3.514343790294653 0.06944444444444427 1.004148124260131 0.01 1.0
